count   year
14	1901
14	1902
17	1903
25	1904
31	1905
25	1906
22	1907
35	1908
36	1909
47	1910
42	1911
42	1912
30	1913
41	1914
36	1915
43	1916
29	1917
52	1918
35	1919
40	1920
30	1921
41	1922
30	1923
47	1924
27	1925
18	1926
25	1927
25	1928
26	1929
23	1930
51	1931
41	1932
39	1933
27	1934
29	1935
44	1936
38	1937
40	1938
57	1939
34	1940
39	1941
50	1942
42	1943
38	1944
30	1945
52	1946
64	1947
83	1948
75	1949
115	1950
112	1951
134	1952
126	1953
135	1954
136	1955
156	1956
213	1957
290	1958
296	1959
322	1960
335	1961
433	1962
563	1963
677	1964
833	1965
892	1966
1159	1967
1519	1968
1887	1969
2245	1970
2344	1971
2729	1972
3053	1973
3518	1974
4169	1975
4695	1976
5612	1977
6248	1978
7224	1979
8405	1980
9516	1981
10630	1982
11992	1983
13020	1984
14979	1985
17098	1986
19213	1987
21527	1988
23581	1989
26780	1990
29225	1991
33111	1992
38573	1993
42357	1994
47124	1995
54154	1996
58139	1997
65750	1998
72831	1999
81124	2000
91386	2001
101359	2002
115389	2003
125868	2004
139338	2005
154610	2006
165632	2007
173103	2008
186923	2009
199598	2010
213728	2011
227040	2012
225633	2013
